(kicad_pcb (version 20171130) (host pcbnew "(5.1.6)-1")

  (general
    (thickness 1.6)
    (drawings 25)
    (tracks 129)
    (zones 0)
    (modules 17)
    (nets 41)
  )

  (page A4)
  (layers
    (0 F.Cu signal)
    (31 B.Cu signal)
    (32 B.Adhes user)
    (33 F.Adhes user)
    (34 B.Paste user)
    (35 F.Paste user)
    (36 B.SilkS user)
    (37 F.SilkS user)
    (38 B.Mask user)
    (39 F.Mask user)
    (40 Dwgs.User user)
    (41 Cmts.User user)
    (42 Eco1.User user)
    (43 Eco2.User user)
    (44 Edge.Cuts user)
    (45 Margin user)
    (46 B.CrtYd user)
    (47 F.CrtYd user)
    (48 B.Fab user)
    (49 F.Fab user)
  )

  (setup
    (last_trace_width 1)
    (user_trace_width 1)
    (trace_clearance 0.2)
    (zone_clearance 0.508)
    (zone_45_only no)
    (trace_min 0.2)
    (via_size 0.8)
    (via_drill 0.4)
    (via_min_size 0.4)
    (via_min_drill 0.3)
    (user_via 2 1)
    (uvia_size 0.3)
    (uvia_drill 0.1)
    (uvias_allowed no)
    (uvia_min_size 0.2)
    (uvia_min_drill 0.1)
    (edge_width 0.1)
    (segment_width 0.2)
    (pcb_text_width 0.3)
    (pcb_text_size 1.5 1.5)
    (mod_edge_width 0.15)
    (mod_text_size 1 1)
    (mod_text_width 0.15)
    (pad_size 1.524 1.524)
    (pad_drill 0.762)
    (pad_to_mask_clearance 0)
    (aux_axis_origin 0 0)
    (visible_elements 7FFFFFFF)
    (pcbplotparams
      (layerselection 0x010fc_ffffffff)
      (usegerberextensions false)
      (usegerberattributes true)
      (usegerberadvancedattributes true)
      (creategerberjobfile true)
      (excludeedgelayer true)
      (linewidth 0.100000)
      (plotframeref false)
      (viasonmask false)
      (mode 1)
      (useauxorigin false)
      (hpglpennumber 1)
      (hpglpenspeed 20)
      (hpglpendiameter 15.000000)
      (psnegative false)
      (psa4output false)
      (plotreference true)
      (plotvalue true)
      (plotinvisibletext false)
      (padsonsilk false)
      (subtractmaskfromsilk false)
      (outputformat 1)
      (mirror false)
      (drillshape 1)
      (scaleselection 1)
      (outputdirectory ""))
  )

  (net 0 "")
  (net 1 "Net-(P1-Pad1)")
  (net 2 "Net-(P2-Pad2)")
  (net 3 "Net-(P2-Pad1)")
  (net 4 "Net-(U1-Pad4)")
  (net 5 "Net-(U1-Pad5)")
  (net 6 "Net-(U1-Pad6)")
  (net 7 "Net-(U1-Pad7)")
  (net 8 "Net-(U1-Pad8)")
  (net 9 "Net-(U1-Pad9)")
  (net 10 "Net-(U1-Pad10)")
  (net 11 "Net-(U1-Pad11)")
  (net 12 "Net-(U1-Pad12)")
  (net 13 "Net-(U1-Pad13)")
  (net 14 "Net-(U1-Pad16)")
  (net 15 "Net-(U1-Pad17)")
  (net 16 "Net-(U1-Pad18)")
  (net 17 "Net-(U1-Pad19)")
  (net 18 "Net-(U1-Pad20)")
  (net 19 "Net-(U1-Pad21)")
  (net 20 "Net-(U1-Pad22)")
  (net 21 "Net-(U1-Pad23)")
  (net 22 "Net-(U1-Pad24)")
  (net 23 "Net-(U1-Pad34)")
  (net 24 "Net-(U1-Pad35)")
  (net 25 "Net-(U1-Pad36)")
  (net 26 "Net-(U1-Pad37)")
  (net 27 "Net-(U1-Pad38)")
  (net 28 "Net-(U1-Pad39)")
  (net 29 "Net-(U1-Pad40)")
  (net 30 "Net-(J1-Pad2)")
  (net 31 "Net-(J1-Pad1)")
  (net 32 "Net-(J2-Pad1)")
  (net 33 "Net-(J2-Pad2)")
  (net 34 "Net-(J3-Pad2)")
  (net 35 "Net-(J3-Pad1)")
  (net 36 "Net-(J4-Pad1)")
  (net 37 "Net-(J4-Pad2)")
  (net 38 "Net-(J5-Pad2)")
  (net 39 "Net-(J5-Pad1)")
  (net 40 "Net-(R1-Pad1)")

  (net_class Default "This is the default net class."
    (clearance 0.2)
    (trace_width 0.25)
    (via_dia 0.8)
    (via_drill 0.4)
    (uvia_dia 0.3)
    (uvia_drill 0.1)
    (add_net "Net-(J1-Pad1)")
    (add_net "Net-(J1-Pad2)")
    (add_net "Net-(J2-Pad1)")
    (add_net "Net-(J2-Pad2)")
    (add_net "Net-(J3-Pad1)")
    (add_net "Net-(J3-Pad2)")
    (add_net "Net-(J4-Pad1)")
    (add_net "Net-(J4-Pad2)")
    (add_net "Net-(J5-Pad1)")
    (add_net "Net-(J5-Pad2)")
    (add_net "Net-(P1-Pad1)")
    (add_net "Net-(P2-Pad1)")
    (add_net "Net-(P2-Pad2)")
    (add_net "Net-(R1-Pad1)")
    (add_net "Net-(U1-Pad10)")
    (add_net "Net-(U1-Pad11)")
    (add_net "Net-(U1-Pad12)")
    (add_net "Net-(U1-Pad13)")
    (add_net "Net-(U1-Pad16)")
    (add_net "Net-(U1-Pad17)")
    (add_net "Net-(U1-Pad18)")
    (add_net "Net-(U1-Pad19)")
    (add_net "Net-(U1-Pad20)")
    (add_net "Net-(U1-Pad21)")
    (add_net "Net-(U1-Pad22)")
    (add_net "Net-(U1-Pad23)")
    (add_net "Net-(U1-Pad24)")
    (add_net "Net-(U1-Pad34)")
    (add_net "Net-(U1-Pad35)")
    (add_net "Net-(U1-Pad36)")
    (add_net "Net-(U1-Pad37)")
    (add_net "Net-(U1-Pad38)")
    (add_net "Net-(U1-Pad39)")
    (add_net "Net-(U1-Pad4)")
    (add_net "Net-(U1-Pad40)")
    (add_net "Net-(U1-Pad5)")
    (add_net "Net-(U1-Pad6)")
    (add_net "Net-(U1-Pad7)")
    (add_net "Net-(U1-Pad8)")
    (add_net "Net-(U1-Pad9)")
  )

  (module Resistor_SMD:R_1206_3216Metric_Pad1.42x1.75mm_HandSolder (layer F.Cu) (tedit 5B301BBD) (tstamp 603FEE50)
    (at 115 63 270)
    (descr "Resistor SMD 1206 (3216 Metric), square (rectangular) end terminal, IPC_7351 nominal with elongated pad for handsoldering. (Body size source: http://www.tortai-tech.com/upload/download/2011102023233369053.pdf), generated with kicad-footprint-generator")
    (tags "resistor handsolder")
    (path /60404202)
    (attr smd)
    (fp_text reference R7 (at 0 -1.82 90) (layer F.SilkS)
      (effects (font (size 1 1) (thickness 0.15)))
    )
    (fp_text value R (at 0 1.82 90) (layer F.Fab)
      (effects (font (size 1 1) (thickness 0.15)))
    )
    (fp_line (start -1.6 0.8) (end -1.6 -0.8) (layer F.Fab) (width 0.1))
    (fp_line (start -1.6 -0.8) (end 1.6 -0.8) (layer F.Fab) (width 0.1))
    (fp_line (start 1.6 -0.8) (end 1.6 0.8) (layer F.Fab) (width 0.1))
    (fp_line (start 1.6 0.8) (end -1.6 0.8) (layer F.Fab) (width 0.1))
    (fp_line (start -0.602064 -0.91) (end 0.602064 -0.91) (layer F.SilkS) (width 0.12))
    (fp_line (start -0.602064 0.91) (end 0.602064 0.91) (layer F.SilkS) (width 0.12))
    (fp_line (start -2.45 1.12) (end -2.45 -1.12) (layer F.CrtYd) (width 0.05))
    (fp_line (start -2.45 -1.12) (end 2.45 -1.12) (layer F.CrtYd) (width 0.05))
    (fp_line (start 2.45 -1.12) (end 2.45 1.12) (layer F.CrtYd) (width 0.05))
    (fp_line (start 2.45 1.12) (end -2.45 1.12) (layer F.CrtYd) (width 0.05))
    (fp_text user %R (at 0 0 90) (layer F.Fab)
      (effects (font (size 0.8 0.8) (thickness 0.12)))
    )
    (pad 1 smd roundrect (at -1.4875 0 270) (size 1.425 1.75) (layers F.Cu F.Paste F.Mask) (roundrect_rratio 0.175439)
      (net 40 "Net-(R1-Pad1)"))
    (pad 2 smd roundrect (at 1.4875 0 270) (size 1.425 1.75) (layers F.Cu F.Paste F.Mask) (roundrect_rratio 0.175439)
      (net 32 "Net-(J2-Pad1)"))
    (model ${KISYS3DMOD}/Resistor_SMD.3dshapes/R_1206_3216Metric.wrl
      (at (xyz 0 0 0))
      (scale (xyz 1 1 1))
      (rotate (xyz 0 0 0))
    )
  )

  (module SmartHouseLib:CONN_2_3.5mm (layer B.Cu) (tedit 59BCF383) (tstamp 603FEDD9)
    (at 135 66 180)
    (path /60400DAF)
    (fp_text reference J5 (at 0 -0.5) (layer B.SilkS)
      (effects (font (size 1 1) (thickness 0.15)) (justify mirror))
    )
    (fp_text value Conn_01x02_Female (at 0 0.5) (layer B.Fab)
      (effects (font (size 1 1) (thickness 0.15)) (justify mirror))
    )
    (fp_line (start 3.75 0) (end 3.75 3.75) (layer B.SilkS) (width 0.15))
    (fp_line (start 3.75 3.75) (end -3.75 3.75) (layer B.SilkS) (width 0.15))
    (fp_line (start -3.75 3.75) (end -3.75 -3.75) (layer B.SilkS) (width 0.15))
    (fp_line (start -3.75 -3.75) (end 3.75 -3.75) (layer B.SilkS) (width 0.15))
    (fp_line (start 3.75 -3.75) (end 3.75 0) (layer B.SilkS) (width 0.15))
    (pad 2 thru_hole circle (at 1.8 0 180) (size 3 3) (drill 1) (layers *.Cu *.Mask)
      (net 38 "Net-(J5-Pad2)"))
    (pad 1 thru_hole circle (at -1.8 0 180) (size 3 3) (drill 1) (layers *.Cu *.Mask)
      (net 39 "Net-(J5-Pad1)"))
  )

  (module SmartHouseLib:STM32_DISCOVERY (layer B.Cu) (tedit 5AF5E8EF) (tstamp 5EFA473D)
    (at 125 99 180)
    (path /5B0C4D35)
    (fp_text reference U1 (at 5.6 1.8) (layer B.SilkS)
      (effects (font (size 1 1) (thickness 0.15)) (justify mirror))
    )
    (fp_text value STM32DISCOVERY (at 4.6 4.2) (layer B.Fab)
      (effects (font (size 1 1) (thickness 0.15)) (justify mirror))
    )
    (fp_line (start 2 -31) (end 2 -27) (layer B.SilkS) (width 0.15))
    (fp_line (start 2 -27) (end 9 -27) (layer B.SilkS) (width 0.15))
    (fp_line (start 9 -27) (end 9 -31) (layer B.SilkS) (width 0.15))
    (fp_line (start 9 -31) (end 2 -31) (layer B.SilkS) (width 0.15))
    (fp_line (start 17.78 -30.48) (end -7.62 -30.48) (layer B.SilkS) (width 0.15))
    (fp_line (start -7.62 -30.48) (end -7.62 27.94) (layer B.SilkS) (width 0.15))
    (fp_line (start -7.62 27.94) (end 17.78 27.94) (layer B.SilkS) (width 0.15))
    (fp_line (start 17.78 27.94) (end 17.78 -30.48) (layer B.SilkS) (width 0.15))
    (pad 1 thru_hole circle (at 12.7 20.32 180) (size 2 2) (drill 0.762) (layers *.Cu *.Mask)
      (net 40 "Net-(R1-Pad1)"))
    (pad 2 thru_hole circle (at 12.7 17.78 180) (size 2 2) (drill 0.762) (layers *.Cu *.Mask)
      (net 30 "Net-(J1-Pad2)"))
    (pad 3 thru_hole circle (at 12.7 15.24 180) (size 2 2) (drill 0.762) (layers *.Cu *.Mask)
      (net 1 "Net-(P1-Pad1)"))
    (pad 4 thru_hole circle (at 12.7 12.7 180) (size 2 2) (drill 0.762) (layers *.Cu *.Mask)
      (net 4 "Net-(U1-Pad4)"))
    (pad 5 thru_hole circle (at 12.7 10.16 180) (size 2 2) (drill 0.762) (layers *.Cu *.Mask)
      (net 5 "Net-(U1-Pad5)"))
    (pad 6 thru_hole circle (at 12.7 7.62 180) (size 2 2) (drill 0.762) (layers *.Cu *.Mask)
      (net 6 "Net-(U1-Pad6)"))
    (pad 7 thru_hole circle (at 12.7 5.08 180) (size 2 2) (drill 0.762) (layers *.Cu *.Mask)
      (net 7 "Net-(U1-Pad7)"))
    (pad 8 thru_hole circle (at 12.7 2.54 180) (size 2 2) (drill 0.762) (layers *.Cu *.Mask)
      (net 8 "Net-(U1-Pad8)"))
    (pad 9 thru_hole circle (at 12.7 0 180) (size 2 2) (drill 0.762) (layers *.Cu *.Mask)
      (net 9 "Net-(U1-Pad9)"))
    (pad 10 thru_hole circle (at 12.7 -2.54 180) (size 2 2) (drill 0.762) (layers *.Cu *.Mask)
      (net 10 "Net-(U1-Pad10)"))
    (pad 11 thru_hole circle (at 12.7 -5.08 180) (size 2 2) (drill 0.762) (layers *.Cu *.Mask)
      (net 11 "Net-(U1-Pad11)"))
    (pad 12 thru_hole circle (at 12.7 -7.62 180) (size 2 2) (drill 0.762) (layers *.Cu *.Mask)
      (net 12 "Net-(U1-Pad12)"))
    (pad 13 thru_hole circle (at 12.7 -10.16 180) (size 2 2) (drill 0.762) (layers *.Cu *.Mask)
      (net 13 "Net-(U1-Pad13)"))
    (pad 14 thru_hole circle (at 12.7 -12.7 180) (size 2 2) (drill 0.762) (layers *.Cu *.Mask)
      (net 3 "Net-(P2-Pad1)"))
    (pad 15 thru_hole circle (at 12.7 -15.24 180) (size 2 2) (drill 0.762) (layers *.Cu *.Mask)
      (net 2 "Net-(P2-Pad2)"))
    (pad 16 thru_hole circle (at 12.7 -17.78 180) (size 2 2) (drill 0.762) (layers *.Cu *.Mask)
      (net 14 "Net-(U1-Pad16)"))
    (pad 17 thru_hole circle (at 12.7 -20.32 180) (size 2 2) (drill 0.762) (layers *.Cu *.Mask)
      (net 15 "Net-(U1-Pad17)"))
    (pad 18 thru_hole circle (at 12.7 -22.86 180) (size 2 2) (drill 0.762) (layers *.Cu *.Mask)
      (net 16 "Net-(U1-Pad18)"))
    (pad 19 thru_hole circle (at 12.7 -25.4 180) (size 2 2) (drill 0.762) (layers *.Cu *.Mask)
      (net 17 "Net-(U1-Pad19)"))
    (pad 20 thru_hole circle (at 12.7 -27.94 180) (size 2 2) (drill 0.762) (layers *.Cu *.Mask)
      (net 18 "Net-(U1-Pad20)"))
    (pad 21 thru_hole circle (at -2.54 20.32 180) (size 2 2) (drill 0.762) (layers *.Cu *.Mask)
      (net 19 "Net-(U1-Pad21)"))
    (pad 22 thru_hole circle (at -2.54 17.78 180) (size 2 2) (drill 0.762) (layers *.Cu *.Mask)
      (net 20 "Net-(U1-Pad22)"))
    (pad 23 thru_hole circle (at -2.54 15.24 180) (size 2 2) (drill 0.762) (layers *.Cu *.Mask)
      (net 21 "Net-(U1-Pad23)"))
    (pad 24 thru_hole circle (at -2.54 12.7 180) (size 2 2) (drill 0.762) (layers *.Cu *.Mask)
      (net 22 "Net-(U1-Pad24)"))
    (pad 25 thru_hole circle (at -2.54 10.16 180) (size 2 2) (drill 0.762) (layers *.Cu *.Mask)
      (net 31 "Net-(J1-Pad1)"))
    (pad 26 thru_hole circle (at -2.54 7.62 180) (size 2 2) (drill 0.762) (layers *.Cu *.Mask)
      (net 33 "Net-(J2-Pad2)"))
    (pad 27 thru_hole circle (at -2.54 5.08 180) (size 2 2) (drill 0.762) (layers *.Cu *.Mask)
      (net 32 "Net-(J2-Pad1)"))
    (pad 28 thru_hole circle (at -2.54 2.54 180) (size 2 2) (drill 0.762) (layers *.Cu *.Mask)
      (net 34 "Net-(J3-Pad2)"))
    (pad 29 thru_hole circle (at -2.54 0 180) (size 2 2) (drill 0.762) (layers *.Cu *.Mask)
      (net 35 "Net-(J3-Pad1)"))
    (pad 30 thru_hole circle (at -2.54 -2.54 180) (size 2 2) (drill 0.762) (layers *.Cu *.Mask)
      (net 37 "Net-(J4-Pad2)"))
    (pad 31 thru_hole circle (at -2.54 -5.08 180) (size 2 2) (drill 0.762) (layers *.Cu *.Mask)
      (net 36 "Net-(J4-Pad1)"))
    (pad 32 thru_hole circle (at -2.54 -7.62 180) (size 2 2) (drill 0.762) (layers *.Cu *.Mask)
      (net 38 "Net-(J5-Pad2)"))
    (pad 33 thru_hole circle (at -2.54 -10.16 180) (size 2 2) (drill 0.762) (layers *.Cu *.Mask)
      (net 39 "Net-(J5-Pad1)"))
    (pad 34 thru_hole circle (at -2.54 -12.7 180) (size 2 2) (drill 0.762) (layers *.Cu *.Mask)
      (net 23 "Net-(U1-Pad34)"))
    (pad 35 thru_hole circle (at -2.54 -15.24 180) (size 2 2) (drill 0.762) (layers *.Cu *.Mask)
      (net 24 "Net-(U1-Pad35)"))
    (pad 36 thru_hole circle (at -2.54 -17.78 180) (size 2 2) (drill 0.762) (layers *.Cu *.Mask)
      (net 25 "Net-(U1-Pad36)"))
    (pad 37 thru_hole circle (at -2.54 -20.32 180) (size 2 2) (drill 0.762) (layers *.Cu *.Mask)
      (net 26 "Net-(U1-Pad37)"))
    (pad 38 thru_hole circle (at -2.54 -22.86 180) (size 2 2) (drill 0.762) (layers *.Cu *.Mask)
      (net 27 "Net-(U1-Pad38)"))
    (pad 39 thru_hole circle (at -2.54 -25.4 180) (size 2 2) (drill 0.762) (layers *.Cu *.Mask)
      (net 28 "Net-(U1-Pad39)"))
    (pad 40 thru_hole circle (at -2.54 -27.94 180) (size 2 2) (drill 0.762) (layers *.Cu *.Mask)
      (net 29 "Net-(U1-Pad40)"))
  )

  (module SmartHouseLib:CONN_2_3.5mm (layer B.Cu) (tedit 59BCF383) (tstamp 5EFA46E8)
    (at 135 134)
    (path /5B0C6718)
    (fp_text reference P1 (at 0 -0.5) (layer B.SilkS)
      (effects (font (size 1 1) (thickness 0.15)) (justify mirror))
    )
    (fp_text value POWER (at 0 0.5) (layer B.Fab)
      (effects (font (size 1 1) (thickness 0.15)) (justify mirror))
    )
    (fp_line (start 3.75 -3.75) (end 3.75 0) (layer B.SilkS) (width 0.15))
    (fp_line (start -3.75 -3.75) (end 3.75 -3.75) (layer B.SilkS) (width 0.15))
    (fp_line (start -3.75 3.75) (end -3.75 -3.75) (layer B.SilkS) (width 0.15))
    (fp_line (start 3.75 3.75) (end -3.75 3.75) (layer B.SilkS) (width 0.15))
    (fp_line (start 3.75 0) (end 3.75 3.75) (layer B.SilkS) (width 0.15))
    (pad 1 thru_hole circle (at -1.8 0) (size 3 3) (drill 1) (layers *.Cu *.Mask)
      (net 1 "Net-(P1-Pad1)"))
    (pad 2 thru_hole circle (at 1.8 0) (size 3 3) (drill 1) (layers *.Cu *.Mask)
      (net 30 "Net-(J1-Pad2)"))
  )

  (module SmartHouseLib:CONN_2_3.5mm (layer B.Cu) (tedit 59BCF383) (tstamp 5EF98A76)
    (at 105 134 180)
    (path /5B0C654C)
    (fp_text reference P2 (at 0 -0.5) (layer B.SilkS)
      (effects (font (size 1 1) (thickness 0.15)) (justify mirror))
    )
    (fp_text value UART (at 0 0.5) (layer B.Fab)
      (effects (font (size 1 1) (thickness 0.15)) (justify mirror))
    )
    (fp_line (start 3.75 0) (end 3.75 3.75) (layer B.SilkS) (width 0.15))
    (fp_line (start 3.75 3.75) (end -3.75 3.75) (layer B.SilkS) (width 0.15))
    (fp_line (start -3.75 3.75) (end -3.75 -3.75) (layer B.SilkS) (width 0.15))
    (fp_line (start -3.75 -3.75) (end 3.75 -3.75) (layer B.SilkS) (width 0.15))
    (fp_line (start 3.75 -3.75) (end 3.75 0) (layer B.SilkS) (width 0.15))
    (pad 2 thru_hole circle (at 1.8 0 180) (size 3 3) (drill 1) (layers *.Cu *.Mask)
      (net 2 "Net-(P2-Pad2)"))
    (pad 1 thru_hole circle (at -1.8 0 180) (size 3 3) (drill 1) (layers *.Cu *.Mask)
      (net 3 "Net-(P2-Pad1)"))
  )

  (module SmartHouseLib:CONN_2_3.5mm (layer B.Cu) (tedit 59BCF383) (tstamp 603FEDAD)
    (at 105 66 180)
    (path /603FEBEC)
    (fp_text reference J1 (at 0 -0.5) (layer B.SilkS)
      (effects (font (size 1 1) (thickness 0.15)) (justify mirror))
    )
    (fp_text value Conn_01x02_Female (at 0 0.5) (layer B.Fab)
      (effects (font (size 1 1) (thickness 0.15)) (justify mirror))
    )
    (fp_line (start 3.75 0) (end 3.75 3.75) (layer B.SilkS) (width 0.15))
    (fp_line (start 3.75 3.75) (end -3.75 3.75) (layer B.SilkS) (width 0.15))
    (fp_line (start -3.75 3.75) (end -3.75 -3.75) (layer B.SilkS) (width 0.15))
    (fp_line (start -3.75 -3.75) (end 3.75 -3.75) (layer B.SilkS) (width 0.15))
    (fp_line (start 3.75 -3.75) (end 3.75 0) (layer B.SilkS) (width 0.15))
    (pad 2 thru_hole circle (at 1.8 0 180) (size 3 3) (drill 1) (layers *.Cu *.Mask)
      (net 30 "Net-(J1-Pad2)"))
    (pad 1 thru_hole circle (at -1.8 0 180) (size 3 3) (drill 1) (layers *.Cu *.Mask)
      (net 31 "Net-(J1-Pad1)"))
  )

  (module SmartHouseLib:CONN_2_3.5mm (layer B.Cu) (tedit 59BCF383) (tstamp 603FEDB8)
    (at 112.5 66 180)
    (path /603FFC1C)
    (fp_text reference J2 (at 0 -0.5) (layer B.SilkS)
      (effects (font (size 1 1) (thickness 0.15)) (justify mirror))
    )
    (fp_text value Conn_01x02_Female (at 0 0.5) (layer B.Fab)
      (effects (font (size 1 1) (thickness 0.15)) (justify mirror))
    )
    (fp_line (start 3.75 -3.75) (end 3.75 0) (layer B.SilkS) (width 0.15))
    (fp_line (start -3.75 -3.75) (end 3.75 -3.75) (layer B.SilkS) (width 0.15))
    (fp_line (start -3.75 3.75) (end -3.75 -3.75) (layer B.SilkS) (width 0.15))
    (fp_line (start 3.75 3.75) (end -3.75 3.75) (layer B.SilkS) (width 0.15))
    (fp_line (start 3.75 0) (end 3.75 3.75) (layer B.SilkS) (width 0.15))
    (pad 1 thru_hole circle (at -1.8 0 180) (size 3 3) (drill 1) (layers *.Cu *.Mask)
      (net 32 "Net-(J2-Pad1)"))
    (pad 2 thru_hole circle (at 1.8 0 180) (size 3 3) (drill 1) (layers *.Cu *.Mask)
      (net 33 "Net-(J2-Pad2)"))
  )

  (module SmartHouseLib:CONN_2_3.5mm (layer B.Cu) (tedit 59BCF383) (tstamp 603FEDC3)
    (at 120 66 180)
    (path /60400520)
    (fp_text reference J3 (at 0 -0.5) (layer B.SilkS)
      (effects (font (size 1 1) (thickness 0.15)) (justify mirror))
    )
    (fp_text value Conn_01x02_Female (at 0 0.5) (layer B.Fab)
      (effects (font (size 1 1) (thickness 0.15)) (justify mirror))
    )
    (fp_line (start 3.75 0) (end 3.75 3.75) (layer B.SilkS) (width 0.15))
    (fp_line (start 3.75 3.75) (end -3.75 3.75) (layer B.SilkS) (width 0.15))
    (fp_line (start -3.75 3.75) (end -3.75 -3.75) (layer B.SilkS) (width 0.15))
    (fp_line (start -3.75 -3.75) (end 3.75 -3.75) (layer B.SilkS) (width 0.15))
    (fp_line (start 3.75 -3.75) (end 3.75 0) (layer B.SilkS) (width 0.15))
    (pad 2 thru_hole circle (at 1.8 0 180) (size 3 3) (drill 1) (layers *.Cu *.Mask)
      (net 34 "Net-(J3-Pad2)"))
    (pad 1 thru_hole circle (at -1.8 0 180) (size 3 3) (drill 1) (layers *.Cu *.Mask)
      (net 35 "Net-(J3-Pad1)"))
  )

  (module SmartHouseLib:CONN_2_3.5mm (layer B.Cu) (tedit 59BCF383) (tstamp 603FEDCE)
    (at 127.5 66 180)
    (path /60400A56)
    (fp_text reference J4 (at 0 -0.5) (layer B.SilkS)
      (effects (font (size 1 1) (thickness 0.15)) (justify mirror))
    )
    (fp_text value Conn_01x02_Female (at 0 0.5) (layer B.Fab)
      (effects (font (size 1 1) (thickness 0.15)) (justify mirror))
    )
    (fp_line (start 3.75 -3.75) (end 3.75 0) (layer B.SilkS) (width 0.15))
    (fp_line (start -3.75 -3.75) (end 3.75 -3.75) (layer B.SilkS) (width 0.15))
    (fp_line (start -3.75 3.75) (end -3.75 -3.75) (layer B.SilkS) (width 0.15))
    (fp_line (start 3.75 3.75) (end -3.75 3.75) (layer B.SilkS) (width 0.15))
    (fp_line (start 3.75 0) (end 3.75 3.75) (layer B.SilkS) (width 0.15))
    (pad 1 thru_hole circle (at -1.8 0 180) (size 3 3) (drill 1) (layers *.Cu *.Mask)
      (net 36 "Net-(J4-Pad1)"))
    (pad 2 thru_hole circle (at 1.8 0 180) (size 3 3) (drill 1) (layers *.Cu *.Mask)
      (net 37 "Net-(J4-Pad2)"))
  )

  (module Resistor_SMD:R_1206_3216Metric_Pad1.42x1.75mm_HandSolder (layer F.Cu) (tedit 5B301BBD) (tstamp 603FEDEA)
    (at 137 63.0125 270)
    (descr "Resistor SMD 1206 (3216 Metric), square (rectangular) end terminal, IPC_7351 nominal with elongated pad for handsoldering. (Body size source: http://www.tortai-tech.com/upload/download/2011102023233369053.pdf), generated with kicad-footprint-generator")
    (tags "resistor handsolder")
    (path /60403F6A)
    (attr smd)
    (fp_text reference R1 (at 0 -1.82 90) (layer F.SilkS)
      (effects (font (size 1 1) (thickness 0.15)))
    )
    (fp_text value R (at 0 1.82 90) (layer F.Fab)
      (effects (font (size 1 1) (thickness 0.15)))
    )
    (fp_line (start 2.45 1.12) (end -2.45 1.12) (layer F.CrtYd) (width 0.05))
    (fp_line (start 2.45 -1.12) (end 2.45 1.12) (layer F.CrtYd) (width 0.05))
    (fp_line (start -2.45 -1.12) (end 2.45 -1.12) (layer F.CrtYd) (width 0.05))
    (fp_line (start -2.45 1.12) (end -2.45 -1.12) (layer F.CrtYd) (width 0.05))
    (fp_line (start -0.602064 0.91) (end 0.602064 0.91) (layer F.SilkS) (width 0.12))
    (fp_line (start -0.602064 -0.91) (end 0.602064 -0.91) (layer F.SilkS) (width 0.12))
    (fp_line (start 1.6 0.8) (end -1.6 0.8) (layer F.Fab) (width 0.1))
    (fp_line (start 1.6 -0.8) (end 1.6 0.8) (layer F.Fab) (width 0.1))
    (fp_line (start -1.6 -0.8) (end 1.6 -0.8) (layer F.Fab) (width 0.1))
    (fp_line (start -1.6 0.8) (end -1.6 -0.8) (layer F.Fab) (width 0.1))
    (fp_text user %R (at 0 0 90) (layer F.Fab)
      (effects (font (size 0.8 0.8) (thickness 0.12)))
    )
    (pad 2 smd roundrect (at 1.4875 0 270) (size 1.425 1.75) (layers F.Cu F.Paste F.Mask) (roundrect_rratio 0.175439)
      (net 39 "Net-(J5-Pad1)"))
    (pad 1 smd roundrect (at -1.4875 0 270) (size 1.425 1.75) (layers F.Cu F.Paste F.Mask) (roundrect_rratio 0.175439)
      (net 40 "Net-(R1-Pad1)"))
    (model ${KISYS3DMOD}/Resistor_SMD.3dshapes/R_1206_3216Metric.wrl
      (at (xyz 0 0 0))
      (scale (xyz 1 1 1))
      (rotate (xyz 0 0 0))
    )
  )

  (module Resistor_SMD:R_1206_3216Metric_Pad1.42x1.75mm_HandSolder (layer F.Cu) (tedit 5B301BBD) (tstamp 603FEDFB)
    (at 133.5 63.0125 270)
    (descr "Resistor SMD 1206 (3216 Metric), square (rectangular) end terminal, IPC_7351 nominal with elongated pad for handsoldering. (Body size source: http://www.tortai-tech.com/upload/download/2011102023233369053.pdf), generated with kicad-footprint-generator")
    (tags "resistor handsolder")
    (path /60403C01)
    (attr smd)
    (fp_text reference R2 (at 0 -1.82 90) (layer F.SilkS)
      (effects (font (size 1 1) (thickness 0.15)))
    )
    (fp_text value R (at 0 1.82 90) (layer F.Fab)
      (effects (font (size 1 1) (thickness 0.15)))
    )
    (fp_line (start -1.6 0.8) (end -1.6 -0.8) (layer F.Fab) (width 0.1))
    (fp_line (start -1.6 -0.8) (end 1.6 -0.8) (layer F.Fab) (width 0.1))
    (fp_line (start 1.6 -0.8) (end 1.6 0.8) (layer F.Fab) (width 0.1))
    (fp_line (start 1.6 0.8) (end -1.6 0.8) (layer F.Fab) (width 0.1))
    (fp_line (start -0.602064 -0.91) (end 0.602064 -0.91) (layer F.SilkS) (width 0.12))
    (fp_line (start -0.602064 0.91) (end 0.602064 0.91) (layer F.SilkS) (width 0.12))
    (fp_line (start -2.45 1.12) (end -2.45 -1.12) (layer F.CrtYd) (width 0.05))
    (fp_line (start -2.45 -1.12) (end 2.45 -1.12) (layer F.CrtYd) (width 0.05))
    (fp_line (start 2.45 -1.12) (end 2.45 1.12) (layer F.CrtYd) (width 0.05))
    (fp_line (start 2.45 1.12) (end -2.45 1.12) (layer F.CrtYd) (width 0.05))
    (fp_text user %R (at 0 0 90) (layer F.Fab)
      (effects (font (size 0.8 0.8) (thickness 0.12)))
    )
    (pad 1 smd roundrect (at -1.4875 0 270) (size 1.425 1.75) (layers F.Cu F.Paste F.Mask) (roundrect_rratio 0.175439)
      (net 40 "Net-(R1-Pad1)"))
    (pad 2 smd roundrect (at 1.4875 0 270) (size 1.425 1.75) (layers F.Cu F.Paste F.Mask) (roundrect_rratio 0.175439)
      (net 38 "Net-(J5-Pad2)"))
    (model ${KISYS3DMOD}/Resistor_SMD.3dshapes/R_1206_3216Metric.wrl
      (at (xyz 0 0 0))
      (scale (xyz 1 1 1))
      (rotate (xyz 0 0 0))
    )
  )

  (module Resistor_SMD:R_1206_3216Metric_Pad1.42x1.75mm_HandSolder (layer F.Cu) (tedit 5B301BBD) (tstamp 603FEE0C)
    (at 129.5 63.0125 270)
    (descr "Resistor SMD 1206 (3216 Metric), square (rectangular) end terminal, IPC_7351 nominal with elongated pad for handsoldering. (Body size source: http://www.tortai-tech.com/upload/download/2011102023233369053.pdf), generated with kicad-footprint-generator")
    (tags "resistor handsolder")
    (path /60403A16)
    (attr smd)
    (fp_text reference R3 (at 0 -1.82 90) (layer F.SilkS)
      (effects (font (size 1 1) (thickness 0.15)))
    )
    (fp_text value R (at 0 1.82 90) (layer F.Fab)
      (effects (font (size 1 1) (thickness 0.15)))
    )
    (fp_line (start 2.45 1.12) (end -2.45 1.12) (layer F.CrtYd) (width 0.05))
    (fp_line (start 2.45 -1.12) (end 2.45 1.12) (layer F.CrtYd) (width 0.05))
    (fp_line (start -2.45 -1.12) (end 2.45 -1.12) (layer F.CrtYd) (width 0.05))
    (fp_line (start -2.45 1.12) (end -2.45 -1.12) (layer F.CrtYd) (width 0.05))
    (fp_line (start -0.602064 0.91) (end 0.602064 0.91) (layer F.SilkS) (width 0.12))
    (fp_line (start -0.602064 -0.91) (end 0.602064 -0.91) (layer F.SilkS) (width 0.12))
    (fp_line (start 1.6 0.8) (end -1.6 0.8) (layer F.Fab) (width 0.1))
    (fp_line (start 1.6 -0.8) (end 1.6 0.8) (layer F.Fab) (width 0.1))
    (fp_line (start -1.6 -0.8) (end 1.6 -0.8) (layer F.Fab) (width 0.1))
    (fp_line (start -1.6 0.8) (end -1.6 -0.8) (layer F.Fab) (width 0.1))
    (fp_text user %R (at 0 0 90) (layer F.Fab)
      (effects (font (size 0.8 0.8) (thickness 0.12)))
    )
    (pad 2 smd roundrect (at 1.4875 0 270) (size 1.425 1.75) (layers F.Cu F.Paste F.Mask) (roundrect_rratio 0.175439)
      (net 36 "Net-(J4-Pad1)"))
    (pad 1 smd roundrect (at -1.4875 0 270) (size 1.425 1.75) (layers F.Cu F.Paste F.Mask) (roundrect_rratio 0.175439)
      (net 40 "Net-(R1-Pad1)"))
    (model ${KISYS3DMOD}/Resistor_SMD.3dshapes/R_1206_3216Metric.wrl
      (at (xyz 0 0 0))
      (scale (xyz 1 1 1))
      (rotate (xyz 0 0 0))
    )
  )

  (module Resistor_SMD:R_1206_3216Metric_Pad1.42x1.75mm_HandSolder (layer F.Cu) (tedit 5B301BBD) (tstamp 603FEE1D)
    (at 126 63.0125 270)
    (descr "Resistor SMD 1206 (3216 Metric), square (rectangular) end terminal, IPC_7351 nominal with elongated pad for handsoldering. (Body size source: http://www.tortai-tech.com/upload/download/2011102023233369053.pdf), generated with kicad-footprint-generator")
    (tags "resistor handsolder")
    (path /60403906)
    (attr smd)
    (fp_text reference R4 (at 0 -1.82 90) (layer F.SilkS)
      (effects (font (size 1 1) (thickness 0.15)))
    )
    (fp_text value R (at 0 1.82 90) (layer F.Fab)
      (effects (font (size 1 1) (thickness 0.15)))
    )
    (fp_line (start -1.6 0.8) (end -1.6 -0.8) (layer F.Fab) (width 0.1))
    (fp_line (start -1.6 -0.8) (end 1.6 -0.8) (layer F.Fab) (width 0.1))
    (fp_line (start 1.6 -0.8) (end 1.6 0.8) (layer F.Fab) (width 0.1))
    (fp_line (start 1.6 0.8) (end -1.6 0.8) (layer F.Fab) (width 0.1))
    (fp_line (start -0.602064 -0.91) (end 0.602064 -0.91) (layer F.SilkS) (width 0.12))
    (fp_line (start -0.602064 0.91) (end 0.602064 0.91) (layer F.SilkS) (width 0.12))
    (fp_line (start -2.45 1.12) (end -2.45 -1.12) (layer F.CrtYd) (width 0.05))
    (fp_line (start -2.45 -1.12) (end 2.45 -1.12) (layer F.CrtYd) (width 0.05))
    (fp_line (start 2.45 -1.12) (end 2.45 1.12) (layer F.CrtYd) (width 0.05))
    (fp_line (start 2.45 1.12) (end -2.45 1.12) (layer F.CrtYd) (width 0.05))
    (fp_text user %R (at 0 0 90) (layer F.Fab)
      (effects (font (size 0.8 0.8) (thickness 0.12)))
    )
    (pad 1 smd roundrect (at -1.4875 0 270) (size 1.425 1.75) (layers F.Cu F.Paste F.Mask) (roundrect_rratio 0.175439)
      (net 40 "Net-(R1-Pad1)"))
    (pad 2 smd roundrect (at 1.4875 0 270) (size 1.425 1.75) (layers F.Cu F.Paste F.Mask) (roundrect_rratio 0.175439)
      (net 37 "Net-(J4-Pad2)"))
    (model ${KISYS3DMOD}/Resistor_SMD.3dshapes/R_1206_3216Metric.wrl
      (at (xyz 0 0 0))
      (scale (xyz 1 1 1))
      (rotate (xyz 0 0 0))
    )
  )

  (module Resistor_SMD:R_1206_3216Metric_Pad1.42x1.75mm_HandSolder (layer F.Cu) (tedit 5B301BBD) (tstamp 603FEE2E)
    (at 122 63.0125 270)
    (descr "Resistor SMD 1206 (3216 Metric), square (rectangular) end terminal, IPC_7351 nominal with elongated pad for handsoldering. (Body size source: http://www.tortai-tech.com/upload/download/2011102023233369053.pdf), generated with kicad-footprint-generator")
    (tags "resistor handsolder")
    (path /60403744)
    (attr smd)
    (fp_text reference R5 (at 0 -1.82 90) (layer F.SilkS)
      (effects (font (size 1 1) (thickness 0.15)))
    )
    (fp_text value R (at 0 1.82 90) (layer F.Fab)
      (effects (font (size 1 1) (thickness 0.15)))
    )
    (fp_line (start 2.45 1.12) (end -2.45 1.12) (layer F.CrtYd) (width 0.05))
    (fp_line (start 2.45 -1.12) (end 2.45 1.12) (layer F.CrtYd) (width 0.05))
    (fp_line (start -2.45 -1.12) (end 2.45 -1.12) (layer F.CrtYd) (width 0.05))
    (fp_line (start -2.45 1.12) (end -2.45 -1.12) (layer F.CrtYd) (width 0.05))
    (fp_line (start -0.602064 0.91) (end 0.602064 0.91) (layer F.SilkS) (width 0.12))
    (fp_line (start -0.602064 -0.91) (end 0.602064 -0.91) (layer F.SilkS) (width 0.12))
    (fp_line (start 1.6 0.8) (end -1.6 0.8) (layer F.Fab) (width 0.1))
    (fp_line (start 1.6 -0.8) (end 1.6 0.8) (layer F.Fab) (width 0.1))
    (fp_line (start -1.6 -0.8) (end 1.6 -0.8) (layer F.Fab) (width 0.1))
    (fp_line (start -1.6 0.8) (end -1.6 -0.8) (layer F.Fab) (width 0.1))
    (fp_text user %R (at 0 0 90) (layer F.Fab)
      (effects (font (size 0.8 0.8) (thickness 0.12)))
    )
    (pad 2 smd roundrect (at 1.4875 0 270) (size 1.425 1.75) (layers F.Cu F.Paste F.Mask) (roundrect_rratio 0.175439)
      (net 35 "Net-(J3-Pad1)"))
    (pad 1 smd roundrect (at -1.4875 0 270) (size 1.425 1.75) (layers F.Cu F.Paste F.Mask) (roundrect_rratio 0.175439)
      (net 40 "Net-(R1-Pad1)"))
    (model ${KISYS3DMOD}/Resistor_SMD.3dshapes/R_1206_3216Metric.wrl
      (at (xyz 0 0 0))
      (scale (xyz 1 1 1))
      (rotate (xyz 0 0 0))
    )
  )

  (module Resistor_SMD:R_1206_3216Metric_Pad1.42x1.75mm_HandSolder (layer F.Cu) (tedit 5B301BBD) (tstamp 603FEE3F)
    (at 118.5 63.0125 270)
    (descr "Resistor SMD 1206 (3216 Metric), square (rectangular) end terminal, IPC_7351 nominal with elongated pad for handsoldering. (Body size source: http://www.tortai-tech.com/upload/download/2011102023233369053.pdf), generated with kicad-footprint-generator")
    (tags "resistor handsolder")
    (path /60402FA9)
    (attr smd)
    (fp_text reference R6 (at 0 -1.82 90) (layer F.SilkS)
      (effects (font (size 1 1) (thickness 0.15)))
    )
    (fp_text value R (at 0 1.82 90) (layer F.Fab)
      (effects (font (size 1 1) (thickness 0.15)))
    )
    (fp_line (start -1.6 0.8) (end -1.6 -0.8) (layer F.Fab) (width 0.1))
    (fp_line (start -1.6 -0.8) (end 1.6 -0.8) (layer F.Fab) (width 0.1))
    (fp_line (start 1.6 -0.8) (end 1.6 0.8) (layer F.Fab) (width 0.1))
    (fp_line (start 1.6 0.8) (end -1.6 0.8) (layer F.Fab) (width 0.1))
    (fp_line (start -0.602064 -0.91) (end 0.602064 -0.91) (layer F.SilkS) (width 0.12))
    (fp_line (start -0.602064 0.91) (end 0.602064 0.91) (layer F.SilkS) (width 0.12))
    (fp_line (start -2.45 1.12) (end -2.45 -1.12) (layer F.CrtYd) (width 0.05))
    (fp_line (start -2.45 -1.12) (end 2.45 -1.12) (layer F.CrtYd) (width 0.05))
    (fp_line (start 2.45 -1.12) (end 2.45 1.12) (layer F.CrtYd) (width 0.05))
    (fp_line (start 2.45 1.12) (end -2.45 1.12) (layer F.CrtYd) (width 0.05))
    (fp_text user %R (at 0 0 90) (layer F.Fab)
      (effects (font (size 0.8 0.8) (thickness 0.12)))
    )
    (pad 1 smd roundrect (at -1.4875 0 270) (size 1.425 1.75) (layers F.Cu F.Paste F.Mask) (roundrect_rratio 0.175439)
      (net 40 "Net-(R1-Pad1)"))
    (pad 2 smd roundrect (at 1.4875 0 270) (size 1.425 1.75) (layers F.Cu F.Paste F.Mask) (roundrect_rratio 0.175439)
      (net 34 "Net-(J3-Pad2)"))
    (model ${KISYS3DMOD}/Resistor_SMD.3dshapes/R_1206_3216Metric.wrl
      (at (xyz 0 0 0))
      (scale (xyz 1 1 1))
      (rotate (xyz 0 0 0))
    )
  )

  (module Resistor_SMD:R_1206_3216Metric_Pad1.42x1.75mm_HandSolder (layer F.Cu) (tedit 5B301BBD) (tstamp 603FEE61)
    (at 111 63 270)
    (descr "Resistor SMD 1206 (3216 Metric), square (rectangular) end terminal, IPC_7351 nominal with elongated pad for handsoldering. (Body size source: http://www.tortai-tech.com/upload/download/2011102023233369053.pdf), generated with kicad-footprint-generator")
    (tags "resistor handsolder")
    (path /604043C8)
    (attr smd)
    (fp_text reference R8 (at 0 -1.82 90) (layer F.SilkS)
      (effects (font (size 1 1) (thickness 0.15)))
    )
    (fp_text value R (at 0 1.82 90) (layer F.Fab)
      (effects (font (size 1 1) (thickness 0.15)))
    )
    (fp_line (start 2.45 1.12) (end -2.45 1.12) (layer F.CrtYd) (width 0.05))
    (fp_line (start 2.45 -1.12) (end 2.45 1.12) (layer F.CrtYd) (width 0.05))
    (fp_line (start -2.45 -1.12) (end 2.45 -1.12) (layer F.CrtYd) (width 0.05))
    (fp_line (start -2.45 1.12) (end -2.45 -1.12) (layer F.CrtYd) (width 0.05))
    (fp_line (start -0.602064 0.91) (end 0.602064 0.91) (layer F.SilkS) (width 0.12))
    (fp_line (start -0.602064 -0.91) (end 0.602064 -0.91) (layer F.SilkS) (width 0.12))
    (fp_line (start 1.6 0.8) (end -1.6 0.8) (layer F.Fab) (width 0.1))
    (fp_line (start 1.6 -0.8) (end 1.6 0.8) (layer F.Fab) (width 0.1))
    (fp_line (start -1.6 -0.8) (end 1.6 -0.8) (layer F.Fab) (width 0.1))
    (fp_line (start -1.6 0.8) (end -1.6 -0.8) (layer F.Fab) (width 0.1))
    (fp_text user %R (at 0 0 90) (layer F.Fab)
      (effects (font (size 0.8 0.8) (thickness 0.12)))
    )
    (pad 2 smd roundrect (at 1.4875 0 270) (size 1.425 1.75) (layers F.Cu F.Paste F.Mask) (roundrect_rratio 0.175439)
      (net 33 "Net-(J2-Pad2)"))
    (pad 1 smd roundrect (at -1.4875 0 270) (size 1.425 1.75) (layers F.Cu F.Paste F.Mask) (roundrect_rratio 0.175439)
      (net 40 "Net-(R1-Pad1)"))
    (model ${KISYS3DMOD}/Resistor_SMD.3dshapes/R_1206_3216Metric.wrl
      (at (xyz 0 0 0))
      (scale (xyz 1 1 1))
      (rotate (xyz 0 0 0))
    )
  )

  (module Resistor_SMD:R_1206_3216Metric_Pad1.42x1.75mm_HandSolder (layer F.Cu) (tedit 5B301BBD) (tstamp 603FEE72)
    (at 107.5 63 270)
    (descr "Resistor SMD 1206 (3216 Metric), square (rectangular) end terminal, IPC_7351 nominal with elongated pad for handsoldering. (Body size source: http://www.tortai-tech.com/upload/download/2011102023233369053.pdf), generated with kicad-footprint-generator")
    (tags "resistor handsolder")
    (path /604045A4)
    (attr smd)
    (fp_text reference R9 (at 0 -1.82 90) (layer F.SilkS)
      (effects (font (size 1 1) (thickness 0.15)))
    )
    (fp_text value R (at 0 1.82 90) (layer F.Fab)
      (effects (font (size 1 1) (thickness 0.15)))
    )
    (fp_line (start -1.6 0.8) (end -1.6 -0.8) (layer F.Fab) (width 0.1))
    (fp_line (start -1.6 -0.8) (end 1.6 -0.8) (layer F.Fab) (width 0.1))
    (fp_line (start 1.6 -0.8) (end 1.6 0.8) (layer F.Fab) (width 0.1))
    (fp_line (start 1.6 0.8) (end -1.6 0.8) (layer F.Fab) (width 0.1))
    (fp_line (start -0.602064 -0.91) (end 0.602064 -0.91) (layer F.SilkS) (width 0.12))
    (fp_line (start -0.602064 0.91) (end 0.602064 0.91) (layer F.SilkS) (width 0.12))
    (fp_line (start -2.45 1.12) (end -2.45 -1.12) (layer F.CrtYd) (width 0.05))
    (fp_line (start -2.45 -1.12) (end 2.45 -1.12) (layer F.CrtYd) (width 0.05))
    (fp_line (start 2.45 -1.12) (end 2.45 1.12) (layer F.CrtYd) (width 0.05))
    (fp_line (start 2.45 1.12) (end -2.45 1.12) (layer F.CrtYd) (width 0.05))
    (fp_text user %R (at 0 0 90) (layer F.Fab)
      (effects (font (size 0.8 0.8) (thickness 0.12)))
    )
    (pad 1 smd roundrect (at -1.4875 0 270) (size 1.425 1.75) (layers F.Cu F.Paste F.Mask) (roundrect_rratio 0.175439)
      (net 40 "Net-(R1-Pad1)"))
    (pad 2 smd roundrect (at 1.4875 0 270) (size 1.425 1.75) (layers F.Cu F.Paste F.Mask) (roundrect_rratio 0.175439)
      (net 31 "Net-(J1-Pad1)"))
    (model ${KISYS3DMOD}/Resistor_SMD.3dshapes/R_1206_3216Metric.wrl
      (at (xyz 0 0 0))
      (scale (xyz 1 1 1))
      (rotate (xyz 0 0 0))
    )
  )

  (gr_text "0   1   2   3   4   5   6   7   8  9" (at 122 61 180) (layer B.SilkS) (tstamp 604E278C)
    (effects (font (size 1 1.08) (thickness 0.2)) (justify mirror))
  )
  (gr_text gnd (at 103 61 180) (layer B.SilkS) (tstamp 603FF95A)
    (effects (font (size 1 1) (thickness 0.15)) (justify mirror))
  )
  (gr_text +5v (at 129 136) (layer B.SilkS)
    (effects (font (size 1 1) (thickness 0.15)) (justify mirror))
  )
  (gr_text gnd (at 141 136) (layer B.SilkS)
    (effects (font (size 1 1) (thickness 0.15)) (justify mirror))
  )
  (gr_text RX (at 111 136) (layer B.SilkS) (tstamp 5EF98A97)
    (effects (font (size 1 1) (thickness 0.15)) (justify mirror))
  )
  (gr_text TX (at 99 136) (layer B.SilkS)
    (effects (font (size 1 1) (thickness 0.15)) (justify mirror))
  )
  (gr_text "ASNP DMX Switcher 1.0" (at 97.5 79 90) (layer B.SilkS)
    (effects (font (size 1.5 1.5) (thickness 0.25)) (justify mirror))
  )
  (gr_line (start 96 140) (end 96 133) (layer Edge.Cuts) (width 0.1) (tstamp 5EFA499A))
  (gr_line (start 144 140) (end 96 140) (layer Edge.Cuts) (width 0.1))
  (gr_line (start 144 133) (end 144 140) (layer Edge.Cuts) (width 0.1))
  (gr_line (start 144 60) (end 144 67) (layer Edge.Cuts) (width 0.1) (tstamp 5EFA4996))
  (gr_line (start 96 60) (end 144 60) (layer Edge.Cuts) (width 0.1))
  (gr_line (start 96 67) (end 96 60) (layer Edge.Cuts) (width 0.1))
  (gr_line (start 96 93) (end 96 67) (layer Edge.Cuts) (width 0.1))
  (gr_line (start 100 93) (end 96 93) (layer Edge.Cuts) (width 0.1))
  (gr_line (start 100 100) (end 100 93) (layer Edge.Cuts) (width 0.1))
  (gr_line (start 100 107) (end 100 100) (layer Edge.Cuts) (width 0.1))
  (gr_line (start 96 107) (end 100 107) (layer Edge.Cuts) (width 0.1))
  (gr_line (start 96 133) (end 96 107) (layer Edge.Cuts) (width 0.1))
  (gr_line (start 144 125) (end 144 133) (layer Edge.Cuts) (width 0.1))
  (gr_line (start 144 107) (end 144 125) (layer Edge.Cuts) (width 0.1))
  (gr_line (start 140 107) (end 144 107) (layer Edge.Cuts) (width 0.1))
  (gr_line (start 140 93) (end 140 107) (layer Edge.Cuts) (width 0.1))
  (gr_line (start 144 93) (end 140 93) (layer Edge.Cuts) (width 0.1))
  (gr_line (start 144 67) (end 144 93) (layer Edge.Cuts) (width 0.1))

  (via (at 139 75) (size 3) (drill 2) (layers F.Cu B.Cu) (net 0))
  (via (at 101 125) (size 3) (drill 2) (layers F.Cu B.Cu) (net 0))
  (via (at 139 125) (size 3) (drill 2) (layers F.Cu B.Cu) (net 0))
  (via (at 102 75) (size 3) (drill 2) (layers F.Cu B.Cu) (net 0))
  (segment (start 112.3 83.76) (end 113.76 83.76) (width 1) (layer F.Cu) (net 1))
  (segment (start 113.76 83.76) (end 114.5 84.5) (width 1) (layer F.Cu) (net 1))
  (segment (start 114.5 84.5) (end 114.5 111) (width 1) (layer F.Cu) (net 1))
  (segment (start 114.5 111) (end 122 118.5) (width 1) (layer F.Cu) (net 1))
  (segment (start 122 118.5) (end 122 131) (width 1) (layer F.Cu) (net 1))
  (segment (start 125 134) (end 133.2 134) (width 1) (layer F.Cu) (net 1))
  (segment (start 122 131) (end 125 134) (width 1) (layer F.Cu) (net 1))
  (segment (start 112.3 114.24) (end 113.24 114.24) (width 1) (layer F.Cu) (net 2))
  (segment (start 113.24 114.24) (end 115 116) (width 1) (layer F.Cu) (net 2))
  (segment (start 115 116) (end 115 135) (width 1) (layer F.Cu) (net 2))
  (segment (start 115 135) (end 112.5 137.5) (width 1) (layer F.Cu) (net 2))
  (segment (start 112.5 137.5) (end 103.5 137.5) (width 1) (layer F.Cu) (net 2))
  (segment (start 103.2 137.2) (end 103.2 134) (width 1) (layer F.Cu) (net 2))
  (segment (start 103.5 137.5) (end 103.2 137.2) (width 1) (layer F.Cu) (net 2))
  (segment (start 106.8 134) (end 106.8 115.7) (width 1) (layer F.Cu) (net 3))
  (segment (start 110.8 111.7) (end 112.3 111.7) (width 1) (layer F.Cu) (net 3))
  (segment (start 106.8 115.7) (end 110.8 111.7) (width 1) (layer F.Cu) (net 3))
